*begin SC_2016_2017
*date 2016.06.30
*data normal from to tape clino compass
0	1	4.15	-28.20	102.8
1	2	0.75	-65.60	271.2
2	3	5.95	-74.50	145
3	4	2.83	-74.00	108.5
4	5	9.32	-78.00	150.6
5	6	3.41	-15.00	173.7
6	7	4.03	-48.70	100.9
7	8	9.25	-54.80	73.4
8	9	2.47	-31.80	22
9	10	8.60	-62.00	160
10	11	1.61	-0.80	290.2
11	12	7.16	-80.40	199
12	13	9.64	-86.30	8.9
13	14	6.07	-84.40	18.7
14	15	5.25	-77.70	230
15	18	13.54	-60.00	236.5
18	19	3.32	11.30	4.8
19	20	12.92	-81.70	330
20	21	20.64	-85.70	282.5
21	22	6.71	-29.20	237.6
22	23	2.32	-60.00	214.3
23	24	19.16	-75.50	4.6
24	25	5.49	-69.20	356
25	26	0.66	-45.20	352.4
26	27	6.07	-80.40	80.6
27	28	18.35	-81.00	13.9
28	29	12.83	-82.20	1.1
29	30	5.78	-62.40	89.1
30	31	9.69	-76.10	69.5
31	32	13.13	-83.20	124.9
32	33	13.09	-62.90	103.6
33	34	9.20	-72.50	61.5
34	35	11.43	-70.80	123.5
35	36	12.52	-40.70	178.8
36	37	4.01	-10.30	155.5
37	38	12.50	-78.70	32.5
38	39	14.45	-81.40	121.5
39	40	7.13	-67.60	95.2
40	41	5.63	-76.90	13.2
41	42	10.73	-87.20	15
42	43	16.11	-70.30	56.5
43	44	4.86	-56.50	315.9
44	45	4.32	-32.40	7
44  .   0.328      0    0.91
44  .   0.282      0    312.4
44  .   0.36       0    336.3
44  .   3.0       90    0 
45	46	3.30	-40.60	33.1
45  .   0.85       0    154.61
45  .   1.55       0    265.5
45  .   0.366      0    267.3
46	47	3.49	8.20	313.5
46  .   0.84       0    172.9
46  .   1.155      0    278.60
46  .   1.093      0    240
47	48	4.57	-3.50	36
47  .   1.623      0    357.30
47  .   3.9        0    40.80
47  .   1.77       0    103.30
47  .   5.7        90     0
48	49	2.32	-37.00	223.6
48  .   0.27       0    151.40
48  .   2.177      0    252.10
48  .   1.589      0    284.80
49	50	3.11	-60.80	142.7
49  .   4.478      0    143
49  .   3.688      0    157.60
49  .   1.062      0    106.60
50	51	3.77	-69.60	139.5
50  .   1.173      0    122
50  .   0.723      0    154.70
50  .   0.9        0    78.40
51	52	6.06	-19.10	345.4
51  .   1.084      0    254
51  .   0.757      0    338.90
51  .   1.048      0    264.30
52	53	2.81	-14.50	97.9
52  .   2.268      0    110.10
52  .   0.8        0    129.30
52  .   0.315      0    304.5
53	54	1.24	-25.60	20.6
53  .   0.853      0    166.40
53  .   1.013      0    14.90
53  .   0.492      0    343.5
54	55	2.36	-35.40	95.5
54  .   0.753      0    99.90
54  .   1.628      0    251.30
54  .   0.443      0    145.4
55	56	6.93	-35.20	347.4 
55  .   3.956      0    56
55  .   0.692      0    292.90
55  .   0.709      0    310.6
56	57	4.09	-14.20	306.3
56  .   6.383      0    253.70
56  .   0.992      0    55.80
56  .   1.462      0    246.20
57	58	5.46	13.40	20.5
57  .   0.955      0    327.90
57  .   0.373      0    86.60
57  .   2.316      0    111.3
58	59	4.23	54.10	101.4
58  .   4.913      0    166.40
58  .   0.708      0    103.70
58  .   1.126      0    278.5
59	60	8.23	14.20	44
59  .   0.870      0    86.20
59  .   0.33       0    339.90
60	61	2.66	55.10	41.4
60  .   1.7        0    289.10
60  .   3.272      0    271.10
60  .   1.361      0    321.9
61	62	4.46	6.20	29.7
61  .   2.52       0    225.8
61  .   0.38       0    7.70
61  .   1.18       0    292.5
62	63	6.12	-12.20	53.6
62  .   0.462      0    272.20
62  .   1.028      0    177.70
62  .   5.809      0    2.70
63	64	6.48	-86.60	275.5
63  .   7.331      0    43.10
63  .   1.611      0    203.50
63  .   1.126      0    169.60
64	65	2.16	-9.80	333.3
64  .   0.66       0    334.80
64  .   8.278      0    101
64  .   0.3        0    263
65	66	30.90	-77.50	278.3
65  .   2.683      0    49.90
65  .   5.344      0    312
65  .   0.455      0    227.80
66	67	12.81	49.80	31.7
66  .   12.22      0    135.70
66  .   6.25       0    16.40
66  .   14.2       0    204.4  
66  .   39.0      90    0
67	68	8.28	-6.10	63.1
67  .   0.207      0    317.20
67  .   8.778      0    149.70
67  .   3.707      0    130.3
68	69	9.37	-7.13	279.6
68  .   8.781      0    270.50
68  .   0.477      0    92.20
68  .   1.032      0    280.30
69	70	3.42	-33.00	76.6
69  .   2.176      0    110.20
69  .   6.095      0    295
69  .   0.251      0    192.7
70	71	24.12	-59.30	50.9
70  .   21.480     0    290.40
70  .   1.516      0    314.20
70  .   0.30       0    342.7
71	72	1.82	-43.50	113.1
71  .   2.321      0    281 
71  .   3.609      0    178.10
71  .   1.86       0    348.7
72	73	3.55	-58.00	70.1
72  .   3.435      0    358.40
72  .   0.278      0    221.70
72  .   0.713      0    181.10
73	74	10.60	-77.50	68.2
73  .   12.568     0    99.20
73  .   1.268      0    3.40
73  .   0.584      0    6.9
74	75	9.60	1.90	129
74  .   1.432      0    53.40
74  .   12.504     0    236.20
74  .   2.389      0    182.8
75	76	4.00	-62.40	159.2
75  .   3.460      0    356.20
75  .   16.707     0     5.4  
75  .   1.663      0    44.2
76	77	12.08	-28.40	90.3
76  .   10.341     0    233.80
76  .   3.713      0    57.2  
76  .   1.181      0    34.50
77	78	22.33	-80.60	119.1
77  .   23.890     0    128.60
77  .   11.191     0    4.90
77  .   0.893      0    191.6
78	79	2.19	7.00	107.5
78  .   10.268     0    304.6
78  .   3.527      0    228
78  .   1.914      0    38.8
78  .   22.25      90    0
79	80	33.33	-89.90   1

*flags splay
44     0.328      0    0.91
44     0.282      0    312.4
44     0.36       0    336.3
44     3.0       90    0 
45     0.85       0    154.61
45     1.55       0    265.5
45     0.366      0    267.3
46     0.84       0    172.9
46     1.155      0    278.60
46     1.093      0    240
47     1.623      0    357.30
47     3.9        0    40.80
47     1.77       0    103.30
47     5.7        90     0
48     0.27       0    151.40
48     2.177      0    252.10
48     1.589      0    284.80
49     4.478      0    143
49     3.688      0    157.60
49     1.062      0    106.60
50     1.173      0    122
50     0.723      0    154.70
50     0.9        0    78.40
51     1.084      0    254
51     0.757      0    338.90
51     1.048      0    264.30
52     2.268      0    110.10
52     0.8        0    129.30
52     0.315      0    304.5
53     0.853      0    166.40
53     1.013      0    14.90
53     0.492      0    343.5
54     0.753      0    99.90
54     1.628      0    251.30
54     0.443      0    145.4
55     3.956      0    56
55     0.692      0    292.90
55     0.709      0    310.6
56     6.383      0    253.70
56     0.992      0    55.80
56     1.462      0    246.20
57     0.955      0    327.90
57     0.373      0    86.60
57     2.316      0    111.3
58     4.913      0    166.40
58     0.708      0    103.70
58     1.126      0    278.5
59     0.870      0    86.20
59     0.33       0    339.90
60     1.7        0    289.10
60     3.272      0    271.10
60     1.361      0    321.9
61     2.52       0    225.8
61     0.38       0    7.70
61     1.18       0    292.5
62     0.462      0    272.20
62     1.028      0    177.70
62     5.809      0    2.70
63     7.331      0    43.10
63     1.611      0    203.50
63     1.126      0    169.60
64     0.66       0    334.80
64     8.278      0    101
64     0.3        0    263
65     2.683      0    49.90
65     5.344      0    312
65     0.455      0    227.80
66     12.22      0    135.70
66     6.25       0    16.40
66     14.2       0    204.4  
66     39.0      90    0
67     0.207      0    317.20
67     8.778      0    149.70
67     3.707      0    130.3
68     8.781      0    270.50
68     0.477      0    92.20
68     1.032      0    280.30
69     2.176      0    110.20
69     6.095      0    295
69     0.251      0    192.7
70     21.480     0    290.40
70     1.516      0    314.20
70     0.30       0    342.7
71     2.321      0    281 
71     3.609      0    178.10
71     1.86       0    348.7
72     3.435      0    358.40
72     0.278      0    221.70
72     0.713      0    181.10
73     12.568     0    99.20
73     1.268      0    3.40
73     0.584      0    6.9
74     1.432      0    53.40
74     12.504     0    236.20
74     2.389      0    182.8
75     3.460      0    356.20
75     16.707     0     5.4  
75     1.663      0    44.2
76     10.341     0    233.80
76     3.713      0    57.2  
76     1.181      0    34.50
77     23.890     0    128.60
77     11.191     0    4.90
77     0.893      0    191.6
78     10.268     0    304.6
78     3.527      0    228
78     1.914      0    38.8
78     22.25      90    0
*end SC_2016_2017

*begin SC_2018
*date 2018.07.10
*team  "G.P"
*data normal from to tape clino compass

78	79	5.318	102.911	14.445
79	80	3.393	13.594	0.630
80	81	16.876	31.707	-85.616
81	82	4.372	123.609	11.164
82	83	4.240	72.281	12.724
83	84	6.204	129.987	-11.521
84	85	17.954	255.359	-85.649
85	86	10.523	123.799	15.791
86	87	1.622	177.349	-29.163
87	88	26.948	105.361	-78.690
88	89	6.459	88.136	2.249
89	90	7.150	67.295	-57.788
90	91	5.703	82.652	-34.213
91	92	14.857	67.341	28.707
92	93	5.218	115.714	34.616
93	94	5.287	39.880	-3.080
94	95	7.256	14.760	-31.216
95	96	18.881	33.464	-80.449
96	97	3.855	66.658	-32.607
97	98	8.869	327.468	-22.225
98	99	4.120	336.401	-15.848
99	100	10.963	347.704	-60.725
100	101	7.215	100.186	11.977
101	102	3.838	319.600	1.848
102	103	8.651	313.099	1.267
103	104	8.263	128.152	5.841
104	105	2.882	134.965	-86.277
105	106	1.783	151.668	16.377
106	107	5.021	174.873	4.490
107	108	1.668	165.833	14.896
108	109	10.901	221.633	6.810
109	110	5.342	189.095	-20.671
110	111	41.105	167.712	-84.694

*flags splay
79		20.617	81.947	86.281
79		20.885	39.776	84.820
79		8.484	20.451	83.798
79		6.671	4.647	78.772
79		2.860	354.831	71.246
79		4.185	353.633	63.040
79		1.924	356.237	39.271
79		20.688	126.216	83.683
79		10.494	140.911	83.073
79		10.659	126.326	77.607
79		1.024	162.037	73.685
81		3.521	79.365	4.828
81		2.675	109.374	3.246
81		5.463	144.025	1.719
81		5.324	163.345	0.176
81		3.473	185.982	-1.165
81		2.846	211.910	-1.071
81		1.394	244.286	-4.373
82		5.204	269.171	1.027
82		4.887	302.327	0.071
82		1.932	350.601	8.053
82		2.870	21.385	10.113
82		2.624	124.310	12.349
82		1.704	164.998	12.980
82		2.212	200.039	9.146
83		0.383	14.985	-3.296
83		2.354	347.217	-4.334
83		1.680	80.876	-1.620
83		2.721	203.456	-1.659
83		1.969	191.942	-1.329
83		1.339	179.610	-2.230
83		1.818	154.188	-1.774
83		2.178	24.626	80.673
83		14.721	335.193	87.023
83		16.557	233.383	85.303
83		12.222	208.207	77.915
83		6.431	202.632	65.484
83		6.922	61.002	85.155
83		10.566	198.539	73.592
83		5.415	199.633	58.623
83		3.439	203.829	34.211
84		3.648	84.578	87.693
84		8.576	228.604	86.188
84		3.896	221.748	80.711
84		2.029	31.349	70.593
84		2.747	226.472	69.033
84		0.739	205.642	-3.417
84		2.533	114.868	16.441
84		2.572	63.353	-89.517
85		5.373	49.477	9.547
85		3.172	162.455	14.090
85		1.786	214.442	16.551
85		2.030	314.011	22.291
85		4.735	345.020	4.944
85		5.513	356.122	3.279
86		22.374	288.051	84.375
86		15.114	38.441	83.013
86		9.842	54.679	74.504
86		6.156	55.783	55.503
86		3.627	55.492	26.966
86		14.560	230.576	74.487
86		7.440	227.466	58.282
86		3.970	223.605	15.150
86		6.921	141.103	2.538
86		7.384	120.580	2.098
86		8.051	108.792	-0.396
86		5.419	93.972	-3.318
86		2.562	70.109	-5.773
86		7.017	145.602	-0.242
86		5.634	163.630	0.374
86		3.014	188.756	0.165
86		3.104	177.687	-29.394
88		3.142	201.984	58.859
88		6.177	236.673	72.922
88		7.246	327.442	72.949
88		4.231	357.144	38.908
88		3.388	297.889	20.154
88		6.478	85.287	27.037
88		6.983	93.680	20.187
88		10.219	104.502	19.990
89		9.627	195.370	15.925
90		7.567	260.728	-0.994
90		8.359	256.091	35.019
90		4.112	347.168	33.349
90		9.279	42.100	60.875
90		3.152	163.444	41.600
90		4.863	102.524	85.649
90		5.484	94.559	-41.556
91		6.769	267.193	-4.021
91		4.133	297.098	-1.620
91		4.975	320.773	-0.049
91		4.363	3.356	7.767
91		2.945	38.727	15.947
91		5.178	72.636	22.291
91		6.498	94.774	30.432
91		5.335	131.556	28.982
91		1.786	159.950	10.909
92		1.859	182.939	-27.142
92		3.209	187.213	62.650
92		12.962	248.005	79.700
92		1.890	339.532	75.207
92		3.276	297.004	83.287
92		3.554	228.840	71.664
92		1.420	359.517	25.400
92		6.035	260.755	1.428
93		2.594	336.791	-3.065
93		1.654	342.367	79.958
93		2.240	342.576	47.296
93		1.288	108.726	60.502
93		2.153	68.774	-78.327
94		1.204	297.323	75.635
94		1.331	302.086	-8.432
94		2.444	301.564	-85.435
95		2.319	76.102	81.876
95		4.749	102.310	74.174
95		3.255	129.128	35.409
95		1.949	133.083	16.046
95		4.538	48.724	0.769
95		8.261	66.852	-0.516
95		14.955	70.543	-11.997
95		6.217	77.701	-16.913
95		2.182	87.605	-12.036
95		5.758	201.242	8.729
95		0.544	200.814	1.780
95		0.543	196.589	-4.581
97		8.945	276.921	-9.234
97		4.728	272.834	30.037
97		10.220	272.840	48.252
97		22.640	182.631	83.666
97		7.136	128.304	84.902
97		6.624	111.171	47.296
97		7.540	129.205	80.233
97		16.796	127.386	39.029
97		3.050	201.550	27.977
97		7.603	121.976	39.644
98		3.928	142.509	-8.086
98		0.560	5.197	85.463
98		2.639	37.348	66.253
98		1.092	53.970	4.818
98		0.594	237.041	-0.945
98		4.656	332.897	-13.376
100		5.729	137.357	13.645
100		7.891	151.776	9.168
100		10.239	164.427	8.745
100		5.853	179.171	10.289
100		3.614	223.929	7.592
100		3.963	253.065	5.938
100		4.213	275.856	7.053
100		2.892	305.832	9.410
100		3.202	354.073	9.723
100		3.505	25.016	9.234
100		4.018	83.875	11.519
100		7.840	100.052	8.399
100		5.423	105.485	10.470
102		1.056	48.318	8.751
102		1.074	25.543	-81.508
102		1.256	282.305	83.875
103		8.616	313.176	1.104
103		1.594	41.111	-89.670
103		2.417	191.255	-77.360
103		2.464	43.055	-3.702
103		2.560	286.875	-9.058
103		4.441	302.536	-5.823
103		5.630	309.853	-3.439
103		6.841	319.098	-3.021
103		5.562	326.058	-3.224
103		3.315	342.213	-2.741
103		2.417	335.869	-13.574
104		2.769	147.618	-62.347
105		1.084	253.943	5.878
105		1.087	76.179	2.324
105		3.189	342.812	4.565
105		2.648	321.449	8.514
105		2.933	11.810	11.327
106		0.491	263.518	12.596
106		1.773	178.418	-80.898
106		0.679	238.557	75.168
108		0.796	97.723	2.741
108		1.145	355.215	85.562
108		4.395	280.426	62.111
108		0.386	290.165	20.248
108		3.036	109.627	-68.318
109		19.048	323.492	83.958
109		5.605	192.717	-2.791
109		3.629	109.946	11.486

*end SC_2018

*begin SC_2019
*date 2019.07.13
*team  "G.Piątkowski, P. Gogolak, B. Kołtoński"
*data normal from to tape clino compass

111		112 17.954	255.359	-85.649
112		113	10.523	123.799	15.791
113		114	1.622	177.349	-29.163
114		115	26.948	105.361	-78.690
115		116	6.459	88.136	2.249
116		117	7.150	67.295	-57.788
117		118	5.703	82.652	-34.213
118		119	14.857	67.341	28.707
119		120	5.218	115.714	34.616
120		121	5.287	39.880	-3.080
121		122	7.256	14.760	-31.216
122		123	18.881	33.464	-80.449
123		124	3.855	66.658	-32.607
124		125	8.869	327.468	-22.225
125		126	4.120	336.401	-15.848
126		127	10.963	347.704	-60.725
127		128	7.215	100.186	11.977
128		129	3.838	319.600	1.848
129		130	8.651	313.099	1.267
130		131	8.263	128.152	5.841
131		132	2.882	134.965	-86.277
132		133	1.783	151.668	16.377
133		134	5.021	174.873	4.490
134		135	1.668	165.833	14.896
135		136	10.901	221.633	6.810
136		137	5.342	189.095	-20.671
137		138	44.116	88.400	-83.875
138		139	4.511	192.984	-11.516
139		140	1.221	129.276	-6.714
140		141	8.463	145.953	0.397
141		142	3.411	162.065	-10.745
142		143	10.146	145.497	0.910
143		144	3.927	224.337	3.746
144		145	0.822	140.222	3.018
145		146	2.390	236.600	-2.981
146		147	5.208	184.061	-3.677
147		148	6.648	198.845	7.943
148		149	6.035	230.850	20.248
149		150	2.164	170.684	-34.177
150		151	3.264	174.128	-21.595
151		152	3.051	186.107	-1.941
152		153	1.425	232.584	0.842
153		154	5.276	200.240	4.440
154		155	4.859	197.569	21.744
155		156	2.643	220.757	4.742
156		157	7.390	51.359	-68.974
157		158	2.783	267.616	-15.271
158		159	4.862	158.018	-71.228
159 	160	10.879	157.559	-80.546
160		161	4.941	192.149	-35.242
161		162	20.481	189.952	-74.075

*flags splay

111	.	5.373	49.477	9.547
111	.	3.172	162.455	14.090
111	.	1.786	214.442	16.551
111	.	2.030	314.011	22.291
111	.	4.735	345.020	4.944
111	.	5.513	356.122	3.279
112	.	22.374	288.051	84.375
112	.	15.114	38.441	83.013
112	.	9.842	54.679	74.504
112	.	6.156	55.783	55.503
112	.	3.627	55.492	26.966
112	.	14.560	230.576	74.487
112	.	7.440	227.466	58.282
112	.	3.970	223.605	15.150
112	.	6.921	141.103	2.538
112	.	7.384	120.580	2.098
112	.	8.051	108.792	-0.396
112	.	5.419	93.972	-3.318
112	.	2.562	70.109	-5.773
112	.	7.017	145.602	-0.242
112	.	5.634	163.630	0.374
112	.	3.014	188.756	0.165
112	.	3.104	177.687	-29.394
114	.	3.142	201.984	58.859
114	.	6.177	236.673	72.922
114	.	7.246	327.442	72.949
114	.	4.231	357.144	38.908
114	.	3.388	297.889	20.154
114	.	6.478	85.287	27.037
114	.	6.983	93.680	20.187
114	.	10.219	104.502	19.990
115	.	9.627	195.370	15.925
116	.	7.567	260.728	-0.994
116	.	8.359	256.091	35.019
116	.	4.112	347.168	33.349
116	.	9.279	42.100	60.875
116	.	3.152	163.444	41.600
116	.	4.863	102.524	85.649
116	.	5.484	94.559	-41.556
117	.	6.769	267.193	-4.021
117	.	4.133	297.098	-1.620
117	.	4.975	320.773	-0.049
117	.	4.363	3.356	7.767
117	.	2.945	38.727	15.947
117	.	5.178	72.636	22.291
117	.	6.498	94.774	30.432
117	.	5.335	131.556	28.982
117	.	1.786	159.950	10.909
118	.	1.859	182.939	-27.142
118	.	3.209	187.213	62.650
118	.	12.962	248.005	79.700
118	.	1.890	339.532	75.207
118	.	3.276	297.004	83.287
118	.	3.554	228.840	71.664
118	.	1.420	359.517	25.400
118	.	6.035	260.755	1.428
119	.	2.594	336.791	-3.065
119	.	1.654	342.367	79.958
119	.	2.240	342.576	47.296
119	.	1.288	108.726	60.502
119	.	2.153	68.774	-78.327
120	.	1.204	297.323	75.635
120	.	1.331	302.086	-8.432
120	.	2.444	301.564	-85.435
121	.	2.319	76.102	81.876
121	.	4.749	102.310	74.174
121	.	3.255	129.128	35.409
121	.	1.949	133.083	16.046
121	.	4.538	48.724	0.769
121	.	8.261	66.852	-0.516
121	.	14.955	70.543	-11.997
121	.	6.217	77.701	-16.913
121	.	2.182	87.605	-12.036
121	.	5.758	201.242	8.729
121	.	0.544	200.814	1.780
121	.	0.543	196.589	-4.581
123	.	8.945	276.921	-9.234
123	.	4.728	272.834	30.037
123	.	10.220	272.840	48.252
123	.	22.640	182.631	83.666
123	.	7.136	128.304	84.902
123	.	6.624	111.171	47.296
123	.	7.540	129.205	80.233
123	.	16.796	127.386	39.029
123	.	3.050	201.550	27.977
123	.	7.603	121.976	39.644
124	.	3.928	142.509	-8.086
124	.	0.560	5.197	85.463
124	.	2.639	37.348	66.253
124	.	1.092	53.970	4.818
124	.	0.594	237.041	-0.945
124	.	4.656	332.897	-13.376
126	.	5.729	137.357	13.645
126	.	7.891	151.776	9.168
126	.	10.239	164.427	8.745
126	.	5.853	179.171	10.289
126	.	3.614	223.929	7.592
126	.	3.963	253.065	5.938
126	.	4.213	275.856	7.053
126	.	2.892	305.832	9.410
126	.	3.202	354.073	9.723
126	.	3.505	25.016	9.234
126	.	4.018	83.875	11.519
126	.	7.840	100.052	8.399
126	.	5.423	105.485	10.470
128	.	1.056	48.318	8.751
128	.	1.074	25.543	-81.508
128	.	1.256	282.305	83.875
129	.	8.616	313.176	1.104
129	.	1.594	41.111	-89.670
129	.	2.417	191.255	-77.360
129	.	2.464	43.055	-3.702
129	.	2.560	286.875	-9.058
129	.	4.441	302.536	-5.823
129	.	5.630	309.853	-3.439
129	.	6.841	319.098	-3.021
129	.	5.562	326.058	-3.224
129	.	3.315	342.213	-2.741
129	.	2.417	335.869	-13.574
130	.	2.769	147.618	-62.347
131	.	1.084	253.943	5.878
131	.	1.087	76.179	2.324
131	.	3.189	342.812	4.565
131	.	2.648	321.449	8.514
131	.	2.933	11.810	11.327
132	.	0.491	263.518	12.596
132	.	1.773	178.418	-80.898
132	.	0.679	238.557	75.168
134	.	0.796	97.723	2.741
134	.	1.145	355.215	85.562
134	.	4.395	280.426	62.111
134	.	0.386	290.165	20.248
134	.	3.036	109.627	-68.318
135	.	19.048	323.492	83.958
135	.	5.605	192.717	-2.791
135	.	3.629	109.946	11.486
137	.	5.744	258.217	-5.867
137	.	0.903	90.807	14.403
137	.	2.190	317.142	-4.944
137	.	5.288	186.163	-5.306
137	.	12.780	203.884	53.679
137	.	9.981	190.316	45.714
137	.	4.735	285.381	-21.055
139	.	0.485	60.485	2.703
139	.	0.568	240.139	12.667
139	.	9.381	183.181	82.408
139	.	1.542	114.922	-56.558
140	.	0.286	242.743	-5.202
140	.	1.037	106.990	-87.825
141	.	0.202	64.841	0.220
141	.	1.940	166.179	87.578
141	.	2.035	114.983	-64.276
142	.	0.824	154.726	-8.904
142	.	1.912	195.963	-3.560
142	.	2.020	231.268	6.812
143	.	0.881	129.155	-2.823
143	.	0.629	130.836	88.599
143	.	3.312	118.586	-35.942
143	.	7.668	278.047	51.597
144	.	0.957	297.724	2.582
144	.	0.669	239.546	-76.624
144	.	0.254	296.581	48.851
144	.	2.393	235.882	-2.576
144	.	2.519	235.981	-2.582
144	.	2.392	236.728	-2.428
144	.	0.637	4.081	-89.033
144	.	0.819	302.921	-41.754
144	.	0.810	303.536	0.522
144	.	0.190	305.195	84.639
145	.	0.554	129.578	1.500
145	.	0.505	304.008	8.536
145	.	1.337	144.553	-64.830
146	.	2.049	15.974	7.037
146	.	2.288	350.420	14.052
146	.	0.367	272.802	2.637
146	.	1.993	193.096	-88.187
146	.	1.404	263.589	77.234
146	.	4.281	198.957	7.965
146	.	1.452	186.504	-1.472
146	.	1.344	207.609	6.520
147	.	6.685	198.660	7.806
147	.	6.670	200.110	8.141
147	.	0.774	128.238	29.037
147	.	1.542	280.140	85.413
147	.	2.340	298.076	61.880
147	.	2.111	304.810	6.735
147	.	1.052	324.608	-57.854
147	.	2.223	334.633	8.015
147	.	1.656	23.769	-0.126
147	.	1.738	37.299	-4.916
147	.	4.915	333.040	23.406
148	.	0.268	312.446	-0.308
148	.	0.629	137.093	5.889
148	.	1.021	212.141	83.381
148	.	3.321	217.282	-85.034
149	.	4.287	201.154	25.884
149	.	3.548	217.930	21.187
149	.	3.719	243.347	22.791
149	.	4.107	263.947	19.924
149	.	2.670	293.884	22.945
149	.	1.853	333.907	23.632
149	.	1.839	236.382	-89.149
149	.	0.922	242.677	81.617
150	.	0.334	99.492	0.066
150	.	0.421	276.432	14.875
150	.	1.022	126.601	-64.979
150	.	1.714	113.763	-52.509
150	.	3.055	185.828	-1.824
150	.	3.045	185.828	-1.835
150	.	1.920	171.727	-1.313
150	.	1.782	197.029	1.214
151	.	0.618	291.489	-3.186
151	.	0.220	117.779	7.894
151	.	0.829	263.458	79.931
151	.	2.922	286.567	-80.914
152	.	0.511	298.136	-11.700
152	.	0.252	313.143	-83.134
152	.	0.237	154.600	-83.908
152	.	3.039	134.544	-80.343
152	.	0.790	188.289	-63.627
152	.	1.752	197.715	-2.087
152	.	1.166	209.465	-2.291
153	.	2.819	117.746	0.632
153	.	8.001	135.742	77.937
153	.	2.464	194.507	-85.386
153	.	2.422	66.039	6.575
153	.	2.767	117.274	4.510
153	.	3.358	161.675	4.005
153	.	3.656	190.316	3.944
153	.	3.672	210.877	0.450
154	.	0.501	304.612	0.560
154	.	0.676	220.161	86.847
154	.	0.902	125.359	31.899
154	.	9.425	261.881	-75.795
154	.	2.315	193.497	4.647
154	.	2.376	238.771	6.015
155	.	1.426	153.248	-44.885
155	.	1.331	127.518	-39.518
155	.	0.623	204.461	-0.829
155	.	2.804	113.923	74.207
156	.	3.781	297.350	-14.969
156	.	4.671	326.063	-14.161
156	.	6.517	345.883	-12.167
156	.	6.660	359.022	-10.382
156	.	4.852	272.631	83.199
156	.	7.499	340.878	-73.185
157	.	1.678	129.238	-15.760
157	.	3.361	161.115	-10.497
157	.	3.236	194.832	-9.520
157	.	1.222	256.586	54.701
158	.	7.904	58.859	-77.745
158	.	7.878	58.541	-77.657
158	.	1.227	32.767	18.929
158	.	1.135	189.827	19.627
158	.	3.459	192.442	20.901
159	.	4.533	204.730	48.741
159	.	6.769	13.277	55.706
159	.	1.981	114.609	-1.620
159	.	3.131	278.394	17.809
160	.	1.174	112.725	-5.587
160	.	0.320	282.695	15.562
160	.	5.345	247.390	78.871
160	.	0.205	28.542	-85.941
160	.	17.637	43.517	-85.886
161	.	20.434	190.047	-74.147
161	.	1.056	300.718	8.405
161	.	4.687	299.086	44.352
161	.	1.606	116.834	35.425
161	.	5.948	203.928	6.026
161	.	9.469	26.263	-3.653
161	.	3.699	218.183	-7.097
161	.	3.706	8.047	-0.088
161	.	7.040	25.197	-2.933
161	.	11.940	19.089	12.810

*end SC_2019

