TRIP
DATE 2024-07-18
DECLINATION 0.0
DATA
0		206.41	-13.32	3.235	>
0		206.56	-13.52	3.231	>
0		206.86	-13.29	3.240	>
0	1	206.61	-13.38	3.235	>
1		111.31	-77.45	0.827	>
1		120.06	-20.71	0.366	>
1		199.81	59.02	2.015	>
1		301.80	-3.63	0.828	>
1		100.70	12.02	0.511	>
1		4.12	82.58	1.613	>
1		117.60	-0.04	0.736	>
1		182.29	-2.10	2.965	>
1		181.87	-1.64	2.959	>
1		181.83	-1.64	2.959	>
1	2	182.00	-1.79	2.961	>
2		153.72	84.78	1.852	>
2		288.65	9.65	0.395	>
2		91.65	27.06	0.701	>
2		205.02	-83.01	1.299	>
2		258.16	73.81	1.758	>
2		181.44	-5.59	4.544	>
2		181.42	-5.59	4.568	>
2		181.41	-5.61	4.554	>
2	3	181.43	-5.60	4.555	>
3		323.06	-88.31	0.885	>
3		91.51	-28.38	0.975	>
3		91.44	13.35	0.264	>
3		40.90	76.07	0.827	>
3		357.44	76.65	1.495	>
3		180.02	-7.24	4.074	>
3		180.01	-7.26	4.070	>
3		179.90	-7.31	4.070	>
3	4	179.97	-7.27	4.071	>
4		250.46	29.84	0.706	>
4		322.67	11.37	1.365	>
4		338.90	-0.99	1.160	>
4		333.67	-34.26	0.461	>
4		293.95	68.25	0.461	>
4		281.96	51.98	2.956	>
4		282.00	51.84	2.967	>
4		282.17	51.70	2.964	>
4	5	282.05	51.84	2.962	>
5		228.67	48.77	2.992	>
5		228.54	48.75	2.992	>
5		228.56	48.67	2.993	>
5	6	228.59	48.73	2.992	>
6		171.34	2.38	0.528	>
6		160.74	-37.24	1.347	>
6		175.52	-55.98	1.909	>
6		126.81	-78.72	2.107	>
6		306.58	-57.45	0.963	>
6		275.48	-16.74	1.210	>
6		241.97	-15.31	1.549	>
6		36.30	24.87	1.149	>
6		358.25	78.55	0.905	>
6		284.22	70.17	1.869	>
6		117.24	23.02	0.338	>
6		193.62	11.29	2.074	>
6		193.41	11.23	2.076	>
6		193.61	11.06	2.079	>
6	7	193.55	11.19	2.076	>
7		113.18	7.02	0.447	>
7		86.62	-37.45	0.716	>
7		55.29	-50.19	6.192	>
7		250.54	83.39	2.482	>
7		299.10	63.76	1.620	>
7		262.35	61.82	1.516	>
7		296.36	3.32	0.482	>
7		316.93	-26.87	0.422	>
7		192.96	54.28	2.594	>
7		137.26	6.30	0.594	>
7		180.92	-35.94	5.303	>
7		180.75	-36.02	5.287	>
7		181.01	-35.95	5.286	>
7	8	180.89	-35.97	5.292	>
8		161.41	-76.13	3.096	>
8		64.23	-75.86	2.443	>
8		99.21	-73.39	0.751	>
8		104.06	-46.83	0.630	>
8		99.55	-5.77	0.196	>
8		204.49	80.83	1.098	>
8		275.42	69.71	0.718	>
8		291.95	-0.13	0.333	>
8		279.13	20.87	0.343	>
8		259.76	-69.81	1.286	>
8		178.07	-82.44	3.545	>
8		177.97	-82.67	3.536	>
8		177.70	-82.60	3.542	>
8	9	177.91	-82.57	3.541	>
9		151.45	9.88	1.619	>
9		155.03	-13.30	1.259	>
9		150.22	-37.25	1.727	>
9		210.06	12.69	0.404	>
9		194.47	52.37	1.238	>
9		165.33	80.51	3.416	>
9		47.89	85.62	2.354	>
9		275.26	52.33	0.821	>
9		247.93	68.98	1.020	>
9		307.18	63.41	1.241	>
9		290.46	-13.98	0.504	>
9		9.63	-17.21	0.596	>
9		22.81	-2.99	1.347	>
9		157.84	-24.87	1.769	>
9		198.56	-50.49	3.160	>
9		224.27	-74.68	11.128	>
9		224.24	-74.68	11.083	>
9		224.23	-74.68	11.093	>
9	10	224.24	-74.68	11.101	>
10		226.89	6.18	2.455	>
10		266.01	11.38	1.685	>
10		289.95	14.92	1.742	>
10		335.94	26.76	1.746	>
10		259.78	-4.73	1.731	>
10		244.00	81.30	3.128	>
10		184.86	44.54	2.052	>
10		215.74	2.79	2.219	>
10		169.48	31.13	1.870	>
10		124.02	9.65	0.989	>
10		126.40	5.78	1.009	>
10		149.82	-33.24	0.997	>
10		128.59	-61.77	2.283	>
10		186.38	-58.86	1.218	>
10		265.91	3.63	1.633	>
10		197.67	-16.66	3.314	>
10		197.72	-16.73	3.297	>
10		197.76	-16.93	3.294	>
10	11	197.72	-16.77	3.302	>
11		83.02	-2.50	3.831	>
11		118.65	2.93	2.398	>
11		147.51	-0.29	1.558	>
11		176.49	2.60	1.403	>
11		244.00	-1.04	2.493	>
11		281.27	3.18	2.580	>
11		343.53	0.61	2.618	>
11		12.58	5.63	3.511	>
11		37.33	4.76	3.363	>
11		48.87	-0.19	3.764	>
11		59.83	-9.94	3.826	>
11		323.22	80.92	11.112	>
11		275.98	75.89	8.800	>
11		27.22	82.01	13.302	>
11		8.73	77.13	9.330	>
11		78.70	-28.62	4.185	>
11		185.31	-21.80	3.066	>
11		176.46	-57.69	2.439	>
11		176.76	-57.83	2.438	>
11		176.70	-57.80	2.438	>
11	12	176.64	-57.77	2.438	>
12		101.08	-1.10	0.482	>
12		109.93	-83.18	0.786	>
12		146.61	5.47	0.588	>
12		82.76	80.84	1.030	>
12		286.60	88.97	1.285	>
12		177.46	48.04	1.011	>
12		187.21	-2.07	2.966	>
12		197.91	-7.23	0.601	>
12		171.29	-17.96	1.263	>
12		204.10	-56.31	0.830	>
12		125.66	-65.28	2.841	>
12		109.49	-70.03	3.194	>
12		109.25	-70.02	3.193	>
12		108.89	-70.14	3.194	>
12	13	109.21	-70.06	3.194	>
13		144.75	78.61	0.837	>
13		263.35	56.61	0.578	>
13		68.96	59.99	0.687	>
13		26.49	-22.61	0.998	>
13		54.62	-47.03	1.357	>
13		68.45	-67.94	3.940	>
13		93.56	-76.57	3.691	>
13		118.27	-73.95	3.761	>
13		198.91	-41.07	3.083	>
13		198.98	-41.06	3.078	>
13		199.05	-41.06	3.081	>
13	14	198.98	-41.06	3.081	>
14		261.09	1.40	1.113	>
14		236.61	51.85	1.320	>
14		218.70	69.45	0.979	>
14		344.97	-77.43	1.187	>
14		346.76	-83.75	20.247	>
14		347.04	-83.80	20.244	>
14		346.65	-83.70	20.276	>
14	15	346.82	-83.75	20.256	>
15		177.08	-3.32	0.793	>
15		126.27	8.93	0.901	>
15		92.80	44.20	2.008	>
15		151.40	72.80	2.384	>
15		112.32	68.27	1.691	>
15		261.23	71.48	0.236	>
15		180.01	-54.07	4.483	>
15		185.16	-60.92	9.530	>
15		184.09	-64.36	9.883	>
15		325.26	-50.30	0.630	>
15		43.31	-62.20	0.754	>
15		26.53	-80.82	1.052	>
15		192.08	-88.56	21.678	>
15		190.71	-7.61	6.980	>
15		190.73	-7.57	7.011	>
15		190.72	-7.54	6.983	>
15	16	190.72	-7.57	6.991	>
16		229.68	-4.95	3.317	>
16		245.15	-3.60	2.426	>
16		294.60	8.34	1.663	>
16		67.60	86.68	17.205	>
16		100.68	83.52	13.595	>
16		295.80	86.17	10.893	>
16		66.82	76.74	6.989	>
16		20.46	66.51	13.917	>
16		13.25	54.32	10.019	>
16		26.26	31.69	4.783	>
16		41.53	33.66	3.706	>
16		79.00	29.01	2.151	>
16		123.82	14.36	1.962	>
16		146.91	9.05	2.637	>
16		167.29	-4.40	4.452	>
16		177.47	-3.38	7.809	>
16		182.81	-5.77	12.790	>
16		186.53	-7.27	12.338	>
16		173.35	-25.15	3.040	>
16		202.87	-25.93	3.089	>
16		235.37	-34.81	1.998	>
16		248.53	-33.44	2.056	>
16		264.27	-28.30	2.235	>
16		237.64	-19.93	3.257	>
16		217.48	-16.68	4.081	>
16		204.73	-16.42	4.574	>
16		208.05	-2.11	4.905	>
16		219.89	2.89	3.418	>
16		28.42	-73.03	10.072	>
16		28.38	-72.99	10.074	>
16		28.37	-72.99	10.078	>
16	17	28.39	-73.00	10.075	>
17		92.19	-7.23	2.343	>
17		64.54	-4.53	2.796	>
17		140.47	-9.51	2.488	>
17		177.69	-5.52	6.013	>
17		286.99	6.05	0.495	>
17		347.00	-0.04	5.561	>
17		28.99	-19.09	3.763	>
17		41.69	45.62	3.428	>
17		84.68	39.91	2.074	>
17		137.93	-61.85	11.369	>
17		166.51	-68.92	11.050	>
17		140.73	-83.73	10.458	>
17		28.81	-73.09	10.058	>
17		27.45	-72.70	10.068	>
17		27.91	-72.97	10.061	>
17	18	28.06	-72.92	10.062	>
18		216.63	-36.58	1.358	>
18		216.49	-36.54	1.357	>
18		216.62	-36.56	1.357	>
18	19	216.58	-36.56	1.357	>
19		283.79	-6.87	1.030	>
19		248.93	-2.13	1.035	>
19		211.98	3.73	2.619	>
19		190.77	2.12	8.343	>
19		179.01	3.28	10.119	>
19		164.92	0.77	7.503	>
19		150.78	-0.19	5.240	>
19		138.67	10.46	4.774	>
19		103.52	8.49	1.548	>
19		2.44	-8.34	3.507	>
19		7.26	-9.31	4.929	>
19		18.01	13.18	4.900	>
19		356.01	28.41	3.910	>
19		0.86	50.08	4.933	>
19		350.24	-53.15	1.949	>
19		258.25	-54.83	1.148	>
19		239.63	87.03	22.691	>
19		27.50	81.49	7.490	>
19		328.67	-84.83	0.917	>
19		18.29	-73.57	3.970	>
19		313.24	-10.03	0.301	>
19		216.37	40.46	1.187	>
19		99.07	20.67	2.464	>
19		91.09	19.18	2.330	>
19		119.87	32.17	5.163	>
19		112.35	22.50	4.947	>
19		19.86	-8.05	7.369	>
19		19.28	-12.67	7.086	>
19		18.17	-26.83	5.833	>
19		18.89	-36.27	5.332	>
19		20.04	-47.30	5.173	>
19		193.48	-67.02	4.149	>
19		193.57	-67.09	4.216	>
19		193.39	-67.18	4.229	>
19		192.93	-67.14	4.187	>
19	20	193.30	-67.14	4.211	>
20		206.00	-24.35	3.685	>
20		205.90	-24.38	3.680	>
20		205.90	-24.30	3.681	>
20	21	205.94	-24.35	3.682	>
21		290.96	3.11	0.635	>
21		277.24	37.16	0.747	>
21		281.91	69.15	1.437	>
21		246.40	82.28	2.585	>
21		194.10	-84.56	1.136	>
21		203.13	-62.69	4.028	>
21		195.41	-66.37	2.114	>
21		255.06	-58.64	0.909	>
21		214.78	-30.06	2.835	>
21		19.97	-10.38	1.589	>
21		224.62	-34.66	2.694	>
21		224.53	-35.34	2.689	>
21		224.53	-35.30	2.692	>
21	22	224.56	-35.10	2.692	>
22		293.66	27.09	0.448	>
22		247.25	-80.89	3.310	>
22		220.84	79.11	1.346	>
22		113.52	66.61	0.886	>
22		294.90	47.42	0.505	>
22		243.04	-78.83	3.313	>
22		226.23	-71.67	3.491	>
22		207.02	45.94	2.587	>
22		208.41	45.98	2.632	>
22		187.93	22.97	3.064	>
22		187.81	22.92	3.063	>
22		187.75	22.96	3.064	>
22	23	187.83	22.95	3.064	>
23		185.15	-18.75	1.068	>
23		123.39	7.99	0.941	>
23		167.43	74.27	1.520	>
23		171.95	-46.22	3.968	>
23		171.88	-46.24	3.962	>
23		171.88	-46.21	3.964	>
23	24	171.90	-46.23	3.965	>
24		88.40	-1.86	0.736	>
24		109.92	-10.59	0.829	>
24		151.48	-81.45	4.420	>
24		145.47	-82.91	4.429	>
24		164.44	42.32	1.136	>
24		26.78	49.24	0.819	>
24		53.77	35.40	1.386	>
24		143.82	27.83	0.703	>
24		171.39	-23.48	1.327	>
24		171.54	-23.35	1.329	>
24		171.56	-23.23	1.330	>
24	25	171.50	-23.35	1.329	>
25		212.67	-5.90	6.683	>
25		212.58	-6.01	6.683	>
25		212.66	-5.90	6.687	>
25	26	212.64	-5.94	6.684	>
26		94.94	86.63	1.434	>
26		281.26	7.98	0.868	>
26		166.50	-82.43	1.415	>
26		212.93	-78.07	1.450	>
26		227.64	-52.66	1.672	>
26		215.23	-11.95	1.942	>
26		287.21	55.04	1.383	>
26		41.71	73.52	1.403	>
26		194.16	40.63	4.861	>
26		186.78	1.62	22.774	>
26		192.80	-0.04	25.338	>
26		186.98	4.76	21.850	>
26		184.85	0.42	23.106	>
26		192.19	12.63	6.563	>
26		179.95	33.41	5.036	>

PLAN
STATIONS
0.000	0.000	0
-1.410	-2.814	1
-1.513	-5.772	2
-1.626	-10.304	3
-1.624	-14.343	4
-3.414	-13.961	5
-4.894	-15.266	6
-5.372	-17.246	7
-5.438	-21.529	8
-5.422	-21.987	9
-7.468	-24.088	10
-8.430	-27.099	11
-8.354	-28.397	12
-7.325	-28.756	13
-8.081	-30.952	14
-8.584	-28.805	15
-9.873	-35.615	16
-8.473	-33.024	17
-7.082	-30.415	18
-7.732	-31.291	19
-8.108	-32.883	20
-9.576	-35.900	21
-11.121	-37.469	22
-11.505	-40.264	23
-11.118	-42.979	24
-10.938	-44.186	25
-14.524	-49.785	26
SHOTS
0.000	0.000	-1.410	-2.814
-1.410	-2.814	-1.242	-2.880
-1.410	-2.814	-1.113	-2.986
-1.410	-2.814	-1.761	-3.790
-1.410	-2.814	-2.112	-2.379
-1.410	-2.814	-0.919	-2.907
-1.410	-2.814	-1.395	-2.607
-1.410	-2.814	-0.757	-3.155
-1.410	-2.814	-1.513	-5.772
-1.513	-5.772	-1.438	-5.923
-1.513	-5.772	-1.882	-5.647
-1.513	-5.772	-0.889	-5.790
-1.513	-5.772	-1.580	-5.915
-1.513	-5.772	-1.993	-5.873
-1.513	-5.772	-1.626	-10.304
-1.626	-10.304	-1.641	-10.283
-1.626	-10.304	-0.768	-10.327
-1.626	-10.304	-1.369	-10.311
-1.626	-10.304	-1.495	-10.154
-1.626	-10.304	-1.641	-9.959
-1.626	-10.304	-1.624	-14.343
-1.624	-14.343	-2.201	-14.548
-1.624	-14.343	-2.435	-13.279
-1.624	-14.343	-2.042	-13.261
-1.624	-14.343	-1.793	-14.001
-1.624	-14.343	-1.780	-14.273
-1.624	-14.343	-3.414	-13.961
-3.414	-13.961	-4.894	-15.266
-4.894	-15.266	-4.815	-15.788
-4.894	-15.266	-4.541	-16.279
-4.894	-15.266	-4.811	-16.331
-4.894	-15.266	-4.564	-15.513
-4.894	-15.266	-5.310	-14.957
-4.894	-15.266	-6.048	-15.156
-4.894	-15.266	-6.213	-15.968
-4.894	-15.266	-4.277	-14.426
-4.894	-15.266	-4.900	-15.087
-4.894	-15.266	-5.509	-15.111
-4.894	-15.266	-4.618	-15.409
-4.894	-15.266	-5.372	-17.246
-5.372	-17.246	-4.964	-17.421
-5.372	-17.246	-4.804	-17.213
-5.372	-17.246	-2.112	-14.989
-5.372	-17.246	-5.641	-17.342
-5.372	-17.246	-5.997	-16.898
-5.372	-17.246	-6.081	-17.342
-5.372	-17.246	-5.803	-17.033
-5.372	-17.246	-5.629	-16.971
-5.372	-17.246	-5.711	-18.722
-5.372	-17.246	-4.971	-17.680
-5.372	-17.246	-5.438	-21.529
-5.438	-21.529	-5.202	-22.232
-5.438	-21.529	-4.901	-21.269
-5.438	-21.529	-5.226	-21.563
-5.438	-21.529	-5.020	-21.634
-5.438	-21.529	-5.246	-21.561
-5.438	-21.529	-5.511	-21.688
-5.438	-21.529	-5.686	-21.506
-5.438	-21.529	-5.747	-21.405
-5.438	-21.529	-5.755	-21.478
-5.438	-21.529	-5.875	-21.608
-5.438	-21.529	-5.422	-21.987
-5.422	-21.987	-4.659	-23.388
-5.422	-21.987	-4.904	-23.097
-5.422	-21.987	-4.739	-23.180
-5.422	-21.987	-5.619	-22.328
-5.422	-21.987	-5.610	-22.719
-5.422	-21.987	-5.279	-22.531
-5.422	-21.987	-5.288	-21.866
-5.422	-21.987	-5.921	-21.941
-5.422	-21.987	-5.761	-22.124
-5.422	-21.987	-5.864	-21.651
-5.422	-21.987	-5.880	-21.816
-5.422	-21.987	-5.326	-21.425
-5.422	-21.987	-4.900	-20.747
-5.422	-21.987	-4.816	-23.473
-5.422	-21.987	-6.061	-23.893
-5.422	-21.987	-7.468	-24.088
-7.468	-24.088	-9.250	-25.756
-7.468	-24.088	-9.116	-24.203
-7.468	-24.088	-9.050	-23.514
-7.468	-24.088	-8.104	-22.664
-7.468	-24.088	-9.166	-24.394
-7.468	-24.088	-7.893	-24.295
-7.468	-24.088	-7.592	-25.545
-7.468	-24.088	-8.763	-25.887
-7.468	-24.088	-7.176	-25.662
-7.468	-24.088	-6.660	-24.633
-7.468	-24.088	-6.660	-24.684
-7.468	-24.088	-7.049	-24.809
-7.468	-24.088	-6.624	-24.761
-7.468	-24.088	-7.538	-24.714
-7.468	-24.088	-9.094	-24.204
-7.468	-24.088	-8.430	-27.099
-8.430	-27.099	-4.631	-26.634
-8.430	-27.099	-6.328	-28.247
-8.430	-27.099	-7.593	-28.413
-8.430	-27.099	-8.344	-28.498
-8.430	-27.099	-10.670	-28.192
-8.430	-27.099	-10.956	-26.596
-8.430	-27.099	-9.172	-24.589
-8.430	-27.099	-7.669	-23.689
-8.430	-27.099	-6.398	-24.434
-8.430	-27.099	-5.595	-24.623
-8.430	-27.099	-5.172	-25.205
-8.430	-27.099	-9.480	-25.695
-8.430	-27.099	-10.563	-26.876
-8.430	-27.099	-7.584	-25.456
-8.430	-27.099	-8.114	-25.045
-8.430	-27.099	-4.828	-26.379
-8.430	-27.099	-8.693	-29.934
-8.430	-27.099	-8.354	-28.397
-8.354	-28.397	-7.881	-28.490
-8.354	-28.397	-8.266	-28.429
-8.354	-28.397	-8.032	-28.886
-8.354	-28.397	-8.191	-28.377
-8.354	-28.397	-8.376	-28.391
-8.354	-28.397	-8.324	-29.073
-8.354	-28.397	-8.726	-31.338
-8.354	-28.397	-8.537	-28.965
-8.354	-28.397	-8.172	-29.585
-8.354	-28.397	-8.542	-28.818
-8.354	-28.397	-7.388	-29.090
-8.354	-28.397	-7.325	-28.756
-7.325	-28.756	-7.230	-28.891
-7.325	-28.756	-7.641	-28.792
-7.325	-28.756	-7.005	-28.632
-7.325	-28.756	-6.914	-27.931
-7.325	-28.756	-6.571	-28.220
-7.325	-28.756	-5.949	-28.212
-7.325	-28.756	-6.470	-28.809
-7.325	-28.756	-6.410	-29.248
-7.325	-28.756	-8.081	-30.952
-8.081	-30.952	-9.180	-31.125
-8.081	-30.952	-8.762	-31.401
-8.081	-30.952	-8.296	-31.220
-8.081	-30.952	-8.148	-30.703
-8.081	-30.952	-8.584	-28.805
-8.584	-28.805	-8.543	-29.596
-8.584	-28.805	-7.866	-29.332
-8.584	-28.805	-7.146	-28.876
-8.584	-28.805	-8.246	-29.425
-8.584	-28.805	-8.005	-29.043
-8.584	-28.805	-8.658	-28.817
-8.584	-28.805	-8.584	-31.436
-8.584	-28.805	-9.001	-33.419
-8.584	-28.805	-8.889	-33.071
-8.584	-28.805	-8.813	-28.475
-8.584	-28.805	-8.343	-28.550
-8.584	-28.805	-8.509	-28.655
-8.584	-28.805	-8.698	-29.340
-8.584	-28.805	-9.873	-35.615
-9.873	-35.615	-12.393	-37.753
-9.873	-35.615	-12.070	-36.632
-9.873	-35.615	-11.369	-34.930
-9.873	-35.615	-8.951	-35.235
-9.873	-35.615	-8.366	-35.899
-9.873	-35.615	-10.528	-35.298
-9.873	-35.615	-8.399	-34.984
-9.873	-35.615	-7.933	-30.417
-9.873	-35.615	-8.534	-29.927
-9.873	-35.615	-8.072	-31.965
-9.873	-35.615	-7.828	-33.306
-9.873	-35.615	-8.027	-35.256
-9.873	-35.615	-8.294	-36.673
-9.873	-35.615	-8.451	-37.797
-9.873	-35.615	-8.896	-39.945
-9.873	-35.615	-9.529	-43.403
-9.873	-35.615	-10.497	-48.325
-9.873	-35.615	-11.264	-47.774
-9.873	-35.615	-9.554	-38.348
-9.873	-35.615	-10.953	-38.174
-9.873	-35.615	-11.223	-36.547
-9.873	-35.615	-11.470	-36.243
-9.873	-35.615	-11.831	-35.811
-9.873	-35.615	-12.459	-37.254
-9.873	-35.615	-12.252	-38.717
-9.873	-35.615	-11.708	-39.600
-9.873	-35.615	-12.178	-39.941
-9.873	-35.615	-12.062	-38.234
-9.873	-35.615	-8.473	-33.024
-8.473	-33.024	-6.150	-33.112
-8.473	-33.024	-5.956	-31.826
-8.473	-33.024	-6.911	-34.916
-8.473	-33.024	-8.231	-39.004
-8.473	-33.024	-8.943	-32.880
-8.473	-33.024	-9.723	-27.605
-8.473	-33.024	-6.749	-29.913
-8.473	-33.024	-6.878	-31.233
-8.473	-33.024	-6.889	-32.876
-8.473	-33.024	-4.879	-37.005
-8.473	-33.024	-7.545	-36.889
-8.473	-33.024	-7.750	-33.908
-8.473	-33.024	-7.082	-30.415
-7.082	-30.415	-7.732	-31.291
-7.732	-31.291	-8.725	-31.047
-7.732	-31.291	-8.697	-31.663
-7.732	-31.291	-9.116	-33.508
-7.732	-31.291	-9.290	-39.481
-7.732	-31.291	-7.558	-41.392
-7.732	-31.291	-5.780	-38.535
-7.732	-31.291	-5.174	-35.864
-7.732	-31.291	-4.632	-34.816
-7.732	-31.291	-6.244	-31.649
-7.732	-31.291	-7.585	-27.824
-7.732	-31.291	-7.117	-26.466
-7.732	-31.291	-6.257	-26.754
-7.732	-31.291	-7.971	-27.860
-7.732	-31.291	-7.685	-28.126
-7.732	-31.291	-7.930	-30.139
-7.732	-31.291	-8.380	-31.426
-7.732	-31.291	-8.745	-31.885
-7.732	-31.291	-7.220	-30.307
-7.732	-31.291	-7.775	-31.220
-7.732	-31.291	-7.380	-30.225
-7.732	-31.291	-7.948	-31.088
-7.732	-31.291	-8.268	-32.018
-7.732	-31.291	-5.456	-31.655
-7.732	-31.291	-5.532	-31.333
-7.732	-31.291	-3.942	-33.467
-7.732	-31.291	-3.505	-33.029
-7.732	-31.291	-5.254	-24.429
-7.732	-31.291	-5.449	-24.765
-7.732	-31.291	-6.109	-26.345
-7.732	-31.291	-6.341	-27.223
-7.732	-31.291	-6.530	-27.995
-7.732	-31.291	-8.110	-32.866
-7.732	-31.291	-8.108	-32.883
-8.108	-32.883	-9.576	-35.900
-9.576	-35.900	-10.168	-35.673
-9.576	-35.900	-10.166	-35.825
-9.576	-35.900	-10.076	-35.794
-9.576	-35.900	-9.894	-36.039
-9.576	-35.900	-9.602	-36.004
-9.576	-35.900	-10.302	-37.600
-9.576	-35.900	-9.801	-36.717
-9.576	-35.900	-10.033	-36.022
-9.576	-35.900	-10.975	-37.915
-9.576	-35.900	-9.042	-34.431
-9.576	-35.900	-11.121	-37.469
-11.121	-37.469	-11.486	-37.309
-11.121	-37.469	-11.604	-37.672
-11.121	-37.469	-11.287	-37.662
-11.121	-37.469	-10.798	-37.609
-11.121	-37.469	-11.431	-37.325
-11.121	-37.469	-11.693	-37.760
-11.121	-37.469	-11.914	-38.229
-11.121	-37.469	-11.938	-39.072
-11.121	-37.469	-11.991	-39.078
-11.121	-37.469	-11.505	-40.264
-11.505	-40.264	-11.596	-41.271
-11.505	-40.264	-10.727	-40.777
-11.505	-40.264	-11.415	-40.666
-11.505	-40.264	-11.118	-42.979
-11.118	-42.979	-10.383	-42.959
-11.118	-42.979	-10.352	-43.257
-11.118	-42.979	-10.805	-43.557
-11.118	-42.979	-10.809	-43.429
-11.118	-42.979	-10.893	-43.789
-11.118	-42.979	-10.877	-42.502
-11.118	-42.979	-10.207	-42.312
-11.118	-42.979	-10.751	-43.481
-11.118	-42.979	-10.938	-44.186
-10.938	-44.186	-14.524	-49.785
-14.524	-49.785	-14.440	-49.792
-14.524	-49.785	-15.367	-49.617
-14.524	-49.785	-14.480	-49.966
-14.524	-49.785	-14.687	-50.036
-14.524	-49.785	-15.273	-50.468
-14.524	-49.785	-15.620	-51.337
-14.524	-49.785	-15.281	-49.550
-14.524	-49.785	-14.259	-49.487
-14.524	-49.785	-15.426	-53.361
-14.524	-49.785	-17.213	-72.390
-14.524	-49.785	-20.139	-74.492
-14.524	-49.785	-17.170	-71.398
-14.524	-49.785	-16.477	-72.807
-14.524	-49.785	-15.876	-56.044
-14.524	-49.785	-14.520	-53.988
POLYLINE RED
431.629	1851.839
479.153	1860.064
526.242	1871.397
574.200	1876.515
599.194	1879.182
624.650	1878.192
649.595	1875.099
742.647	1863.563
817.787	1837.724
860.034	1749.048
870.858	1726.329
884.362	1703.547
886.958	1678.516
1007.012	521.052
997.203	790.539
997.203	91.062
POLYLINE RED
2568.241	-4738.495
2568.367	-4738.621
POLYLINE RED
-1617.005	405.487
-1616.879	455.669
POLYLINE RED
871.520	380.333
910.225	409.688
985.521	455.984
1020.889	504.884
1035.563	525.172
1046.992	547.620
1060.044	568.987
POLYLINE RED
2140.919	1738.646
1476.343	2616.680
825.955	3505.637
147.190	4372.750
61.845	4481.777
-48.817	4568.396
-148.992	4663.977
-159.578	4674.077
-172.388	4681.604
-184.735	4689.455
-188.247	4691.688
-192.402	4692.707
-196.331	4694.077
-208.993	4698.494
-221.771	4702.567
-234.491	4706.812
POLYLINE RED
-2.604	-1.593
-2.555	-1.594
-2.507	-1.592
-2.458	-1.597
-2.433	-1.599
-2.408	-1.605
-2.384	-1.613
-2.115	-1.694
-1.839	-1.758
-1.578	-1.862
-1.407	-1.931
-1.248	-2.029
-1.091	-2.126
-1.071	-2.139
-0.813	-2.282
-0.762	-2.400
-0.737	-2.457
-0.736	-2.555
-0.735	-2.597
-0.731	-2.849
-0.732	-3.102
-0.737	-3.354
-0.739	-3.446
-0.819	-3.586
-0.903	-3.630
-0.951	-3.655
-1.028	-3.679
-1.077	-3.680
-1.549	-3.687
-2.021	-3.690
-2.493	-3.680
-2.573	-3.678
-2.731	-3.622
-2.800	-3.585
-2.817	-3.577
-3.036	-3.459
-3.093	-3.393
-3.152	-3.322
-3.214	-3.235
-3.246	-3.146
-3.259	-3.109
-3.275	-3.070
-3.276	-3.031
-3.287	-2.593
-3.288	-2.155
-3.283	-1.717
-3.282	-1.677
-3.269	-1.639
-3.259	-1.600
-3.237	-1.513
-3.137	-1.501
-3.066	-1.483
POLYLINE RED
-2.648	-3.661
-2.254	-4.270
-2.388	-4.027
-2.208	-4.366
POLYLINE RED
-3.110	-6.126
-3.044	-6.532
-3.070	-6.291
-3.066	-6.852
POLYLINE RED
-2.340	-3.639
-2.343	-3.780
-2.334	-3.921
-2.349	-4.061
-2.375	-4.313
-2.465	-4.548
-2.582	-4.771
-2.892	-5.362
-2.807	-5.026
-2.959	-5.500
-2.968	-5.530
-2.976	-5.562
-2.977	-5.594
-2.983	-6.057
-2.977	-6.521
-2.978	-6.984
POLYLINE RED
-0.823	-3.331
-0.823	-5.928
POLYLINE RED
-5.266	-3.735
-5.256	-3.399
-5.285	-2.722
-5.143	-2.341
-4.907	-1.711
-4.598	-1.111
-4.362	-0.481
-4.259	-0.207
-4.291	0.492
-4.289	0.677
POLYLINE RED
-3.071	-7.446
-3.018	-7.753
-2.922	-8.055
-2.911	-8.367
-2.866	-9.751
-2.928	-11.136
-2.905	-12.520
-2.903	-12.655
-2.844	-12.783
-2.836	-12.917
-2.818	-13.237
-2.845	-13.559
-2.826	-13.880
-2.817	-14.019
-2.768	-14.153
-2.753	-14.292
-2.749	-14.330
-2.759	-14.441
-2.771	-14.405
-2.808	-14.296
-2.811	-14.179
-2.830	-14.066
POLYLINE RED
0.056	-5.200
0.059	-5.722
0.051	-6.245
0.063	-6.767
0.064	-6.820
0.086	-6.870
0.097	-6.922
0.108	-6.994
0.130	-7.065
0.130	-7.138
0.140	-8.147
0.174	-9.156
0.128	-10.163
-0.015	-13.280
0.009	-10.438
-0.094	-11.331
-0.131	-11.650
-0.101	-11.815
-0.189	-12.118
-0.201	-12.159
-0.335	-12.414
-0.343	-12.538
-0.349	-12.652
-0.327	-12.768
-0.350	-12.880
-0.466	-13.328
-0.581	-13.777
-0.696	-14.226
-0.710	-14.264
-0.728	-14.302
-0.737	-14.342
-0.747	-14.382
-0.753	-14.422
-0.753	-14.463
-0.755	-14.692
-0.748	-14.921
-0.745	-15.149
POLYLINE BLACK
-6.979	-8.132
-6.473	-3.729
-6.423	-4.724
-6.506	-0.750
-6.510	-0.583
-6.554	-0.419
-6.577	-0.254
-6.577	0.209
-6.577	0.672
-6.576	1.135
POLYLINE BLACK
8.725	-13.169
7.678	-11.075
7.700	-11.576
7.773	-9.125
7.773	-9.107
7.903	-8.196
7.985	-8.023
8.152	-7.670
8.375	-7.344
8.555	-6.997
8.610	-6.891
8.656	-6.675
8.685	-6.561
POLYLINE BLACK
-9.636	-5.674
-9.585	-5.515
-9.529	-5.357
-9.484	-5.195
-9.457	-5.102
-9.464	-4.903
-9.457	-4.833
-9.286	-3.027
-9.397	-6.649
-9.395	-1.605
POLYLINE BLACK
7.879	-13.048
7.880	-13.049
POLYLINE BLACK
7.396	-11.557
7.396	-10.558
7.392	-9.559
7.396	-8.560
7.398	-7.999
7.393	-9.681
7.401	-10.242
7.402	-10.284
7.488	-10.280
7.507	-10.274
7.608	-10.245
7.707	-10.209
7.807	-10.176
POLYLINE BLACK
-7.139	-12.247
-7.143	-12.440
-7.133	-12.634
-7.152	-12.827
-7.207	-13.407
-7.707	-14.189
-7.889	-14.545
-8.076	-14.913
-8.294	-15.264
-8.479	-15.633
-8.827	-16.330
-8.386	-15.587
-8.656	-16.193
-8.967	-16.892
-8.986	-16.864
-9.394	-17.444
POLYLINE BLACK
-5.971	-17.203
-6.520	-18.113
-6.706	-18.526
-7.390	-19.298
-7.779	-19.738
-7.798	-19.583
-8.218	-19.939
-8.379	-20.075
-8.518	-20.237
-8.669	-20.386
POLYLINE BLACK
-9.192	-30.137
-9.192	-30.137
POLYLINE BLACK
-11.367	-14.624
-11.367	-20.023
POLYLINE BLACK
7.035	-19.097
7.032	-19.170
7.037	-19.243
7.026	-19.316
6.950	-19.762
6.874	-20.208
6.797	-20.654
6.789	-20.756
6.784	-20.858
6.772	-20.959
6.757	-21.079
6.719	-21.196
6.715	-21.317
6.699	-21.933
6.714	-22.550
6.713	-23.166
POLYLINE BLACK
-5.125	-11.441
-5.125	-14.382
POLYLINE BLACK
3.693	-15.873
3.465	-16.032
3.240	-16.198
3.008	-16.351
2.927	-16.405
2.835	-16.440
2.755	-16.493
2.710	-16.523
2.666	-16.558
2.633	-16.600
2.485	-16.785
2.347	-16.978
2.211	-17.172
2.187	-17.207
2.169	-17.246
2.154	-17.285
2.108	-17.399
2.130	-17.521
2.086	-17.637
2.056	-17.717
2.016	-17.794
1.988	-17.875
1.670	-18.773
2.194	-17.431
1.720	-18.613
POLYLINE RED
-8.059	-9.120
-8.026	-7.710
-7.992	-6.301
-7.959	-4.891
-7.968	-4.837
-7.973	-4.783
-7.987	-4.730
-7.997	-4.692
-8.014	-4.656
-8.028	-4.619
-8.048	-4.567
-8.080	-4.520
-8.089	-4.466
-8.114	-4.258
-8.140	-4.050
-8.165	-3.843
-8.169	-3.779
-8.167	-3.714
-8.177	-3.651
-8.185	-3.597
-8.202	-3.545
-8.219	-3.494
-8.262	-3.357
-8.317	-3.224
-8.354	-3.086
-8.370	-3.027
-8.366	-2.965
-8.375	-2.905
-8.433	-2.520
-8.399	-2.640
-8.486	-2.402
POLYLINE RED
-3.884	-13.276
-4.010	-13.276
POLYLINE RED
-5.753	-13.402
-6.057	-13.554
POLYLINE RED
-6.916	-14.691
-6.955	-14.768
-7.000	-14.843
-7.035	-14.922
-7.052	-14.960
-7.071	-15.000
-7.072	-15.042
-7.090	-15.776
-7.086	-16.511
-7.092	-17.245
POLYLINE RED
-1.130	-14.767
-1.129	-14.768
POLYLINE RED
-2.443	-15.399
-2.626	-15.441
-2.525	-15.422
-2.747	-15.450
POLYLINE RED
-5.829	-23.595
-5.938	-23.838
-5.808	-24.120
-5.900	-24.364
-5.953	-24.504
-6.054	-24.613
-6.204	-24.647
-6.262	-24.661
-6.326	-24.657
-6.385	-24.657
POLYLINE RED
-5.981	-23.544
-5.980	-23.544
POLYLINE RED
4.075	-14.897
4.076	-14.897

ELEVATION
STATIONS
0.000	0.000	0
-1.410	-0.749	1
-1.513	-0.841	2
-1.626	-1.285	3
-1.624	-1.801	4
-3.414	0.529	5
-4.894	2.778	6
-5.372	3.181	7
-5.438	0.073	8
-5.422	-3.439	9
-7.468	-14.146	10
-8.430	-15.098	11
-8.354	-17.161	12
-7.325	-20.163	13
-8.081	-22.187	14
-8.584	-42.322	15
-9.873	-43.244	16
-8.473	-52.878	17
-7.082	-62.497	18
-7.732	-63.305	19
-8.108	-67.185	20
-9.576	-68.703	21
-11.121	-70.251	22
-11.505	-69.056	23
-11.118	-71.919	24
-10.938	-72.445	25
-14.524	-73.137	26
SHOTS
0.000	0.000	-1.410	-0.749
-1.410	-0.749	-1.242	-1.556
-1.410	-0.749	-1.113	-0.878
-1.410	-0.749	-1.761	0.979
-1.410	-0.749	-2.112	-0.801
-1.410	-0.749	-0.919	-0.642
-1.410	-0.749	-1.395	0.851
-1.410	-0.749	-0.757	-0.749
-1.410	-0.749	-1.513	-0.841
-1.513	-0.841	-1.438	1.003
-1.513	-0.841	-1.882	-0.775
-1.513	-0.841	-0.889	-0.522
-1.513	-0.841	-1.580	-2.131
-1.513	-0.841	-1.993	0.847
-1.513	-0.841	-1.626	-1.285
-1.626	-1.285	-1.641	-2.170
-1.626	-1.285	-0.768	-1.749
-1.626	-1.285	-1.369	-1.225
-1.626	-1.285	-1.495	-0.483
-1.626	-1.285	-1.641	0.169
-1.626	-1.285	-1.624	-1.801
-1.624	-1.801	-2.201	-1.449
-1.624	-1.801	-2.435	-1.531
-1.624	-1.801	-2.042	-1.821
-1.624	-1.801	-1.793	-2.060
-1.624	-1.801	-1.780	-1.372
-1.624	-1.801	-3.414	0.529
-3.414	0.529	-4.894	2.778
-4.894	2.778	-4.815	2.800
-4.894	2.778	-4.541	1.962
-4.894	2.778	-4.811	1.195
-4.894	2.778	-4.564	0.711
-4.894	2.778	-5.310	1.966
-4.894	2.778	-6.048	2.429
-4.894	2.778	-6.213	2.369
-4.894	2.778	-4.277	3.261
-4.894	2.778	-4.900	3.665
-4.894	2.778	-5.509	4.536
-4.894	2.778	-4.618	2.910
-4.894	2.778	-5.372	3.181
-5.372	3.181	-4.964	3.235
-5.372	3.181	-4.804	2.745
-5.372	3.181	-2.112	-1.576
-5.372	3.181	-5.641	5.646
-5.372	3.181	-5.997	4.634
-5.372	3.181	-6.081	4.517
-5.372	3.181	-5.803	3.209
-5.372	3.181	-5.629	2.990
-5.372	3.181	-5.711	5.287
-5.372	3.181	-4.971	3.246
-5.372	3.181	-5.438	0.073
-5.438	0.073	-5.202	-2.933
-5.438	0.073	-4.901	-2.296
-5.438	0.073	-5.226	-0.647
-5.438	0.073	-5.020	-0.387
-5.438	0.073	-5.246	0.053
-5.438	0.073	-5.511	1.157
-5.438	0.073	-5.686	0.746
-5.438	0.073	-5.747	0.072
-5.438	0.073	-5.755	0.195
-5.438	0.073	-5.875	-1.134
-5.438	0.073	-5.422	-3.439
-5.422	-3.439	-4.659	-3.161
-5.422	-3.439	-4.904	-3.728
-5.422	-3.439	-4.739	-4.484
-5.422	-3.439	-5.619	-3.350
-5.422	-3.439	-5.610	-2.458
-5.422	-3.439	-5.279	-0.069
-5.422	-3.439	-5.288	-1.092
-5.422	-3.439	-5.921	-2.789
-5.422	-3.439	-5.761	-2.487
-5.422	-3.439	-5.864	-2.329
-5.422	-3.439	-5.880	-3.560
-5.422	-3.439	-5.326	-3.615
-5.422	-3.439	-4.900	-3.509
-5.422	-3.439	-4.816	-4.183
-5.422	-3.439	-6.061	-5.877
-5.422	-3.439	-7.468	-14.146
-7.468	-14.146	-9.250	-13.881
-7.468	-14.146	-9.116	-13.813
-7.468	-14.146	-9.050	-13.697
-7.468	-14.146	-8.104	-13.359
-7.468	-14.146	-9.166	-14.288
-7.468	-14.146	-7.893	-11.054
-7.468	-14.146	-7.592	-12.706
-7.468	-14.146	-8.763	-14.038
-7.468	-14.146	-7.176	-13.179
-7.468	-14.146	-6.660	-13.980
-7.468	-14.146	-6.660	-14.044
-7.468	-14.146	-7.049	-14.692
-7.468	-14.146	-6.624	-16.157
-7.468	-14.146	-7.538	-15.188
-7.468	-14.146	-9.094	-14.042
-7.468	-14.146	-8.430	-15.098
-8.430	-15.098	-4.631	-15.266
-8.430	-15.098	-6.328	-14.976
-8.430	-15.098	-7.593	-15.106
-8.430	-15.098	-8.344	-15.035
-8.430	-15.098	-10.670	-15.144
-8.430	-15.098	-10.956	-14.956
-8.430	-15.098	-9.172	-15.071
-8.430	-15.098	-7.669	-14.754
-8.430	-15.098	-6.398	-14.820
-8.430	-15.098	-5.595	-15.111
-8.430	-15.098	-5.172	-15.759
-8.430	-15.098	-9.480	-4.126
-8.430	-15.098	-10.563	-6.564
-8.430	-15.098	-7.584	-1.925
-8.430	-15.098	-8.114	-6.003
-8.430	-15.098	-4.828	-17.103
-8.430	-15.098	-8.693	-16.237
-8.430	-15.098	-8.354	-17.161
-8.354	-17.161	-7.881	-17.170
-8.354	-17.161	-8.266	-17.942
-8.354	-17.161	-8.032	-17.105
-8.354	-17.161	-8.191	-16.144
-8.354	-17.161	-8.376	-15.876
-8.354	-17.161	-8.324	-16.409
-8.354	-17.161	-8.726	-17.268
-8.354	-17.161	-8.537	-17.237
-8.354	-17.161	-8.172	-17.551
-8.354	-17.161	-8.542	-17.852
-8.354	-17.161	-7.388	-19.742
-8.354	-17.161	-7.325	-20.163
-7.325	-20.163	-7.230	-19.343
-7.325	-20.163	-7.641	-19.681
-7.325	-20.163	-7.005	-19.568
-7.325	-20.163	-6.914	-20.547
-7.325	-20.163	-6.571	-21.156
-7.325	-20.163	-5.949	-23.815
-7.325	-20.163	-6.470	-23.753
-7.325	-20.163	-6.410	-23.778
-7.325	-20.163	-8.081	-22.187
-8.081	-22.187	-9.180	-22.160
-8.081	-22.187	-8.762	-21.149
-8.081	-22.187	-8.296	-21.270
-8.081	-22.187	-8.148	-23.345
-8.081	-22.187	-8.584	-42.322
-8.584	-42.322	-8.543	-42.368
-8.584	-42.322	-7.866	-42.182
-8.584	-42.322	-7.146	-40.922
-8.584	-42.322	-8.246	-40.045
-8.584	-42.322	-8.005	-40.751
-8.584	-42.322	-8.658	-42.098
-8.584	-42.322	-8.584	-45.952
-8.584	-42.322	-9.001	-50.651
-8.584	-42.322	-8.889	-51.232
-8.584	-42.322	-8.813	-42.807
-8.584	-42.322	-8.343	-42.989
-8.584	-42.322	-8.509	-43.361
-8.584	-42.322	-8.698	-63.993
-8.584	-42.322	-9.873	-43.244
-9.873	-43.244	-12.393	-43.530
-9.873	-43.244	-12.070	-43.396
-9.873	-43.244	-11.369	-43.002
-9.873	-43.244	-8.951	-26.067
-9.873	-43.244	-8.366	-29.735
-9.873	-43.244	-10.528	-32.375
-9.873	-43.244	-8.399	-36.441
-9.873	-43.244	-7.933	-30.480
-9.873	-43.244	-8.534	-35.105
-9.873	-43.244	-8.072	-40.731
-9.873	-43.244	-7.828	-41.189
-9.873	-43.244	-8.027	-42.200
-9.873	-43.244	-8.294	-42.757
-9.873	-43.244	-8.451	-42.829
-9.873	-43.244	-8.896	-43.585
-9.873	-43.244	-9.529	-43.704
-9.873	-43.244	-10.497	-44.530
-9.873	-43.244	-11.264	-44.805
-9.873	-43.244	-9.554	-44.535
-9.873	-43.244	-10.953	-44.594
-9.873	-43.244	-11.223	-44.384
-9.873	-43.244	-11.470	-44.376
-9.873	-43.244	-11.831	-44.303
-9.873	-43.244	-12.459	-44.354
-9.873	-43.244	-12.252	-44.415
-9.873	-43.244	-11.708	-44.537
-9.873	-43.244	-12.178	-43.424
-9.873	-43.244	-12.062	-43.071
-9.873	-43.244	-8.473	-52.878
-8.473	-52.878	-6.150	-53.173
-8.473	-52.878	-5.956	-53.099
-8.473	-52.878	-6.911	-53.289
-8.473	-52.878	-8.231	-53.456
-8.473	-52.878	-8.943	-52.826
-8.473	-52.878	-9.723	-52.882
-8.473	-52.878	-6.749	-54.109
-8.473	-52.878	-6.878	-50.428
-8.473	-52.878	-6.889	-51.547
-8.473	-52.878	-4.879	-62.903
-8.473	-52.878	-7.545	-63.188
-8.473	-52.878	-7.750	-63.274
-8.473	-52.878	-7.082	-62.497
-7.082	-62.497	-7.732	-63.305
-7.732	-63.305	-8.725	-63.428
-7.732	-63.305	-8.697	-63.344
-7.732	-63.305	-9.116	-63.135
-7.732	-63.305	-9.290	-62.996
-7.732	-63.305	-7.558	-62.725
-7.732	-63.305	-5.780	-63.204
-7.732	-63.305	-5.174	-63.322
-7.732	-63.305	-4.632	-62.438
-7.732	-63.305	-6.244	-63.076
-7.732	-63.305	-7.585	-63.814
-7.732	-63.305	-7.117	-64.103
-7.732	-63.305	-6.257	-62.188
-7.732	-63.305	-7.971	-61.445
-7.732	-63.305	-7.685	-59.522
-7.732	-63.305	-7.930	-64.865
-7.732	-63.305	-8.380	-64.244
-7.732	-63.305	-8.745	-40.644
-7.732	-63.305	-7.220	-55.898
-7.732	-63.305	-7.775	-64.218
-7.732	-63.305	-7.380	-67.113
-7.732	-63.305	-7.948	-63.357
-7.732	-63.305	-8.268	-62.535
-7.732	-63.305	-5.456	-62.435
-7.732	-63.305	-5.532	-62.539
-7.732	-63.305	-3.942	-60.556
-7.732	-63.305	-3.505	-61.412
-7.732	-63.305	-5.254	-64.337
-7.732	-63.305	-5.449	-64.859
-7.732	-63.305	-6.109	-65.938
-7.732	-63.305	-6.341	-66.459
-7.732	-63.305	-6.530	-67.107
-7.732	-63.305	-8.110	-67.125
-7.732	-63.305	-8.108	-67.185
-8.108	-67.185	-9.576	-68.703
-9.576	-68.703	-10.168	-68.668
-9.576	-68.703	-10.166	-68.252
-9.576	-68.703	-10.076	-67.360
-9.576	-68.703	-9.894	-66.141
-9.576	-68.703	-9.602	-69.834
-9.576	-68.703	-10.302	-72.282
-9.576	-68.703	-9.801	-70.639
-9.576	-68.703	-10.033	-69.479
-9.576	-68.703	-10.975	-70.123
-9.576	-68.703	-9.042	-68.989
-9.576	-68.703	-11.121	-70.251
-11.121	-70.251	-11.486	-70.046
-11.121	-70.251	-11.604	-73.519
-11.121	-70.251	-11.287	-68.929
-11.121	-70.251	-10.798	-69.437
-11.121	-70.251	-11.431	-69.879
-11.121	-70.251	-11.693	-73.501
-11.121	-70.251	-11.914	-73.564
-11.121	-70.251	-11.938	-68.391
-11.121	-70.251	-11.991	-68.358
-11.121	-70.251	-11.505	-69.056
-11.505	-69.056	-11.596	-69.399
-11.505	-69.056	-10.727	-68.925
-11.505	-69.056	-11.415	-67.593
-11.505	-69.056	-11.118	-71.919
-11.118	-71.919	-10.383	-71.943
-11.118	-71.919	-10.352	-72.071
-11.118	-71.919	-10.805	-76.290
-11.118	-71.919	-10.809	-76.314
-11.118	-71.919	-10.893	-71.154
-11.118	-71.919	-10.877	-71.298
-11.118	-71.919	-10.207	-71.116
-11.118	-71.919	-10.751	-71.591
-11.118	-71.919	-10.938	-72.445
-10.938	-72.445	-14.524	-73.137
-14.524	-73.137	-14.440	-71.705
-14.524	-73.137	-15.367	-73.016
-14.524	-73.137	-14.480	-74.539
-14.524	-73.137	-14.687	-74.555
-14.524	-73.137	-15.273	-74.466
-14.524	-73.137	-15.620	-73.539
-14.524	-73.137	-15.281	-72.003
-14.524	-73.137	-14.259	-71.791
-14.524	-73.137	-15.426	-69.971
-14.524	-73.137	-17.213	-72.493
-14.524	-73.137	-20.139	-73.154
-14.524	-73.137	-17.170	-71.325
-14.524	-73.137	-16.477	-72.968
-14.524	-73.137	-15.876	-71.702
-14.524	-73.137	-14.520	-70.364
POLYLINE RED
-2.749	1.860
-2.752	1.663
-2.709	1.202
-2.790	0.919
-2.801	0.880
-2.821	0.843
-2.836	0.804
-2.870	0.717
-2.906	0.629
-2.938	0.541
-2.953	0.500
-2.988	0.340
-3.039	0.292
-4.533	-1.118
-3.724	-0.255
-4.433	-1.028
POLYLINE RED
0.378	-1.911
0.141	-1.913
-0.096	-1.900
-0.333	-1.918
-0.450	-1.927
-0.566	-1.957
-0.680	-1.991
-1.196	-2.146
-1.337	-2.205
-1.777	-2.516
-2.127	-2.763
-2.072	-2.809
-2.341	-2.937
-2.367	-2.950
-2.396	-2.957
-2.423	-2.965
-2.589	-3.012
-2.760	-3.040
-2.920	-3.101
-3.289	-3.241
-3.418	-3.334
-3.712	-3.516
POLYLINE RED
-13.093	-12.061
-13.093	-12.062
POLYLINE RED
-1.239	-2.357
-1.239	-2.357
POLYLINE RED
-3.994	-6.228
-3.995	-6.360
-3.990	-6.492
-3.998	-6.623
-4.001	-6.683
-4.087	-6.992
-4.088	-6.994
-4.100	-7.042
-4.104	-7.092
-4.123	-7.138
-4.221	-7.365
-4.271	-7.460
-4.416	-7.628
-4.591	-7.833
-4.775	-8.030
-4.950	-8.235
-4.971	-8.259
-4.987	-8.288
-5.003	-8.316
-5.082	-8.463
-5.032	-8.871
-5.032	-8.891
POLYLINE BLACK
-1.201	-4.944
-1.202	-4.971
-1.199	-4.999
-1.203	-5.026
-1.207	-5.052
-1.214	-5.078
-1.225	-5.102
-1.394	-5.463
-1.576	-5.819
-1.744	-6.181
-1.792	-6.284
-1.803	-6.496
-1.826	-6.574
-1.872	-6.731
-1.945	-6.879
-1.995	-7.035
-2.027	-7.135
-2.043	-7.239
-2.073	-7.340
-2.090	-7.398
-2.121	-7.431
-2.123	-7.489
-2.126	-7.553
-2.125	-7.618
-2.126	-7.683
POLYLINE BLACK
-5.035	-12.120
-4.934	-12.439
-4.707	-13.021
-4.692	-13.414
-4.673	-13.920
-4.694	-14.426
-4.695	-14.932
POLYLINE BLACK
-4.215	-9.774
-4.157	-9.930
-4.076	-10.080
-4.041	-10.243
-3.954	-10.651
-3.901	-11.065
-3.848	-11.479
-3.746	-12.264
-3.937	-11.858
-3.598	-12.800
-3.295	-13.645
-2.958	-14.477
-2.626	-15.311
-2.583	-15.418
-2.521	-15.516
-2.475	-15.622
-2.409	-15.774
-2.440	-16.132
-2.440	-16.230
POLYLINE RED
-2.598	-2.279
-2.598	-2.280
POLYLINE RED
-3.450	-1.036
-3.557	-0.929
-3.740	-0.779
-3.830	-0.624
-3.872	-0.550
-3.951	-0.312
-3.962	-0.281
POLYLINE RED
-4.473	1.303
-4.668	1.498
POLYLINE RED
-5.204	1.791
-5.202	1.681
-5.205	1.572
-5.197	1.463
-5.194	1.414
-5.190	1.364
-5.169	1.320
-4.932	0.815
-4.668	0.323
-4.426	-0.180
-4.407	-0.221
-4.400	-0.266
-4.387	-0.309
-4.358	-0.401
-4.361	-0.405
-4.300	-0.501
-4.239	-0.595
-4.199	-0.608
-4.112	-0.695
-4.068	-0.739
-4.032	-0.790
-3.986	-0.831
-3.853	-0.949
-3.649	-1.048
-3.499	-1.134
POLYLINE RED
-2.501	-1.597
-2.500	-1.597
POLYLINE RED
-5.350	1.742
-5.347	0.614
-5.437	0.932
-5.303	0.381
-5.289	0.327
-5.265	0.274
-5.262	0.219
-5.246	-0.029
-5.257	-0.277
-5.247	-0.525
-5.246	-0.559
-5.237	-0.593
-5.226	-0.626
-5.118	-0.958
-5.027	-1.001
-4.802	-1.404
-4.784	-1.436
-4.776	-1.472
-4.766	-1.508
-4.738	-1.608
-4.720	-1.711
-4.689	-1.811
-4.672	-1.867
-4.640	-1.918
-4.623	-1.974
-4.586	-2.096
-4.606	-2.156
-4.589	-2.288
-4.584	-2.325
-4.572	-2.361
-4.560	-2.396
-4.515	-2.533
-4.467	-2.669
-4.417	-2.805
-4.397	-2.861
-4.370	-2.913
-4.351	-2.970
-4.301	-3.120
-4.355	-3.018
-4.320	-3.177
-4.305	-3.246
-4.278	-3.311
-4.262	-3.379
-4.256	-3.406
-4.254	-3.433
-4.254	-3.460
-4.252	-3.627
-4.254	-3.794
-4.254	-3.961
POLYLINE RED
-6.202	1.425
-6.205	-0.067
-6.207	-1.558
-6.209	-3.050
-6.222	-3.135
-6.241	-3.220
-6.250	-3.305
-6.255	-3.353
-6.251	-3.401
-6.251	-3.449
POLYLINE RED
-6.154	1.230
-6.247	1.631
-6.341	2.031
-6.435	2.432
-6.442	2.525
-6.440	2.619
-6.457	2.711
-6.485	2.869
-6.532	3.023
-6.569	3.179
-6.593	3.339
-6.611	3.499
-6.639	3.658
-6.649	3.714
-6.683	3.765
-6.684	3.821
-6.699	4.308
-6.691	4.795
-6.687	5.283
-6.686	5.384
-6.545	5.561
-6.461	5.603
-6.430	5.618
-6.392	5.629
-6.358	5.629
-6.023	5.627
-5.687	5.623
-5.351	5.615
-5.219	5.612
-5.021	5.391
-4.963	5.320
-4.784	5.100
-4.549	4.734
-4.487	4.467
-4.466	4.378
-4.480	4.287
-4.453	4.200
-4.416	4.086
-4.380	3.973
-4.344	3.859
-4.334	3.807
-4.328	3.754
-4.315	3.702
-4.271	3.535
-4.212	3.372
-4.170	3.204
-4.149	3.116
-4.173	3.008
-4.136	2.922
-4.074	2.782
-4.002	2.647
-3.943	2.505
-3.894	2.386
-3.905	2.040
-3.903	2.014
-3.894	1.929
-3.862	1.743
-3.810	1.645
-3.646	1.339
-3.532	1.311
-3.194	1.172
-3.153	1.156
-3.109	1.146
-3.066	1.137
-3.014	1.126
-2.964	1.135
-2.914	1.113
-2.894	1.104
-2.873	1.097
-2.858	1.082
-2.657	0.880
-2.466	0.667
-2.267	0.463
-2.194	0.388
-2.117	0.456
-2.032	0.457
-1.864	0.460
-1.695	0.449
-1.526	0.454
-1.418	0.457
-1.339	0.507
-1.235	0.536
-1.181	0.551
-1.078	0.548
-1.030	0.556
-0.968	0.566
-0.906	0.583
-0.844	0.596
POLYLINE RED
-5.131	1.961
-3.462	-0.108
-4.906	1.772
-4.375	0.957
-4.310	0.858
-4.234	0.767
-4.167	0.669
-4.153	0.647
-4.139	0.624
-4.133	0.599
-4.064	0.317
-4.009	0.031
-3.944	-0.252
-3.899	-0.447
-3.827	-0.637
-3.801	-0.836
-3.774	-1.041
-3.800	-1.249
-3.788	-1.456
-3.785	-1.501
-3.771	-1.545
-3.757	-1.589
-3.733	-1.662
-3.704	-1.727
-3.656	-1.786
-3.510	-1.972
-3.084	-2.053
-2.866	-2.109
POLYLINE RED
0.362	-8.837
0.365	-8.375
0.230	-6.697
0.456	-5.796
0.496	-5.635
0.587	-5.216
0.725	-4.996
0.749	-4.959
0.777	-4.924
0.807	-4.890
0.962	-4.711
1.127	-4.540
1.279	-4.358
1.316	-4.313
1.341	-4.260
1.373	-4.210
POLYLINE RED
-13.600	-74.972
-13.793	-74.752
-13.982	-74.528
-14.178	-74.310
-14.182	-74.305
-14.196	-74.303
-14.197	-74.309
-14.200	-74.327
-14.194	-74.345
-14.185	-74.361
-13.522	-75.577
-13.765	-75.217
-13.283	-75.880
POLYLINE RED
-15.142	-74.110
-15.142	-74.111
POLYLINE RED
-15.187	-73.974
-14.552	-74.791
POLYLINE RED
-13.645	-75.608
-13.797	-75.461
-13.938	-75.302
-14.101	-75.169
-14.116	-75.157
-14.119	-75.204
-14.118	-75.223
-14.117	-75.261
-14.111	-75.299
-14.097	-75.335
-14.052	-75.454
-14.011	-75.577
-13.943	-75.686
-13.708	-76.063
-13.442	-76.421
-13.192	-76.788
POLYLINE RED
-13.645	-75.835
-14.689	-74.452
-14.754	-74.539
-14.416	-75.109
POLYLINE RED
-12.920	-77.015
-12.757	-77.338
-12.702	-77.462
-12.738	-77.786
POLYLINE RED
-15.142	-73.384
-15.203	-73.727
-15.269	-74.069
-15.325	-74.413
-15.359	-74.628
-15.136	-74.695
-14.962	-74.699
-14.665	-74.706
-14.368	-74.694
-14.072	-74.705
-13.976	-74.709
-13.827	-74.762
-13.736	-74.791

